!----------------------------------------------------------------------
! Basis Set Exchange
! Version v0.8.13
! https://www.basissetexchange.org
!----------------------------------------------------------------------
!   Basis set: aug-cc-pV6Z
! Description: aug-cc-pV6Z
!        Role: orbital
!     Version: 1  (Data from ccRepo/Grant Hill)
!----------------------------------------------------------------------


$DATA

He        ACC6m
S   10
1         4.785000E+03           6.000000E-07
2         7.170000E+02           4.700000E-06
3         1.632000E+02           2.440000E-05
4         4.626000E+01           1.012000E-04
5         1.510000E+01           3.486000E-04
6         5.437000E+00           9.841000E-04
7         2.088000E+00           2.163100E-03
8         8.297000E-01           3.490500E-03
9         3.366000E-01           3.466000E-03
10        1.369000E-01           1.151900E-03
S   1
1         5.437000E+00           1.000000E+00
S   1
1         2.088000E+00           1.000000E+00
S   1
1         8.297000E-01           1.000000E+00
S   1
1         3.366000E-01           1.000000E+00
S   1
1         1.369000E-01           1.000000E+00
S   1
1         0.04473                1.0000
P   1
1         1.610400E+01           1.000000E+00
P   1
1         6.342000E+00           1.000000E+00
P   1
1         2.498000E+00           1.000000E+00
P   1
1         9.840000E-01           1.000000E+00
P   1
1         3.870000E-01           1.000000E+00
P   1
1         0.1280                 1.0000
D   1
1         1.249800E+01           1.000000E+00
D   1
1         4.886000E+00           1.000000E+00
D   1
1         1.910000E+00           1.000000E+00
D   1
1         7.470000E-01           1.000000E+00
D   1
1         0.2410                 1.0000
F   1
1         9.276000E+00           1.000000E+00
F   1
1         3.462000E+00           1.000000E+00
F   1
1         1.292000E+00           1.000000E+00
F   1
1         0.4070                 1.0000
G   1
1         6.586000E+00           1.000000E+00
G   1
1         2.236000E+00           1.000000E+00
G   1
1         0.6860                 1.0000
H   1
1         4.159000E+00           1.0000000
H   1
1         1.0160                 1.0000

Ne        ACC6m
S   16
1         9.024000E+05           5.510000E-06
2         1.351000E+05           4.282000E-05
3         3.075000E+04           2.251400E-04
4         8.710000E+03           9.501600E-04
5         2.842000E+03           3.447190E-03
6         1.026000E+03           1.112545E-02
7         4.001000E+02           3.220568E-02
8         1.659000E+02           8.259891E-02
9         7.221000E+01           1.799056E-01
10        3.266000E+01           3.060521E-01
11        1.522000E+01           3.401256E-01
12        7.149000E+00           1.761682E-01
13        2.957000E+00           2.101527E-02
14        1.335000E+00          -5.074500E-04
15        5.816000E-01           1.057850E-03
16        2.463000E-01          -5.988000E-05
S   16
1         9.024000E+05          -1.290000E-06
2         1.351000E+05          -1.005000E-05
3         3.075000E+04          -5.293000E-05
4         8.710000E+03          -2.231200E-04
5         2.842000E+03          -8.133800E-04
6         1.026000E+03          -2.632300E-03
7         4.001000E+02          -7.759100E-03
8         1.659000E+02          -2.045277E-02
9         7.221000E+01          -4.797505E-02
10        3.266000E+01          -9.340086E-02
11        1.522000E+01          -1.427721E-01
12        7.149000E+00          -1.022908E-01
13        2.957000E+00           1.587858E-01
14        1.335000E+00           4.494079E-01
15        5.816000E-01           4.334854E-01
16        2.463000E-01           1.215757E-01
S   1
1         7.149000E+00           1.000000E+00
S   1
1         2.957000E+00           1.000000E+00
S   1
1         1.335000E+00           1.000000E+00
S   1
1         5.816000E-01           1.000000E+00
S   1
1         2.463000E-01           1.000000E+00
S   1
1         0.0869                 1.0000
P   10
1         8.156000E+02           1.837600E-04
2         1.933000E+02           1.585090E-03
3         6.260000E+01           8.414640E-03
4         2.361000E+01           3.220033E-02
5         9.762000E+00           9.396390E-02
6         4.281000E+00           2.004808E-01
7         1.915000E+00           3.031137E-01
8         8.476000E-01           3.297578E-01
9         3.660000E-01           2.366743E-01
10        1.510000E-01           6.911689E-02
P   1
1         4.281000E+00           1.000000E+00
P   1
1         1.915000E+00           1.000000E+00
P   1
1         8.476000E-01           1.000000E+00
P   1
1         3.660000E-01           1.000000E+00
P   1
1         1.510000E-01           1.000000E+00
P   1
1         0.0566                 1.0000
D   1
1         1.331700E+01           1.000000E+00
D   1
1         5.803000E+00           1.000000E+00
D   1
1         2.529000E+00           1.000000E+00
D   1
1         1.102000E+00           1.000000E+00
D   1
1         4.800000E-01           1.000000E+00
D   1
1         0.1870                 1.0000
F   1
1         1.035600E+01           1.000000E+00
F   1
1         4.538000E+00           1.000000E+00
F   1
1         1.989000E+00           1.000000E+00
F   1
1         8.710000E-01           1.000000E+00
F   1
1         0.3492                 1.0000
G   1
1         8.345000E+00           1.000000E+00
G   1
1         3.417000E+00           1.000000E+00
G   1
1         1.399000E+00           1.000000E+00
G   1
1         0.6345                 1.0000
H   1
1         6.519000E+00           1.000000E+00
H   1
1         2.447000E+00           1.000000E+00
H   1
1         1.2093                 1.0000

 $END